0 100 100
1 66.63 94.73
2 65.85 94.68
3 65.64 94.28
4 65.47 94.21
5 65.28 93.79
6 65.15 93.77
7 64.96 93.39
8 64.83 93.36
9 64.66 93.00
10 64.55 92.96
11 64.37 92.58
12 64.25 92.58
13 64.07 92.19
14 63.96 92.16
15 63.79 91.82
16 63.68 91.79
17 63.50 91.41
18 63.40 91.41
19 63.22 91.04
20 63.11 91.01
21 62.95 90.67
22 62.85 90.64
23 62.67 90.27
24 62.57 90.28
25 62.40 89.91
26 62.29 89.88
27 62.13 89.55
28 62.03 89.53
29 61.85 89.16
30 61.76 89.17
31 61.59 88.81
32 61.49 88.79
33 61.33 88.45
34 61.23 88.43
35 61.06 88.08
36 60.97 88.09
37 60.81 87.73
38 60.71 87.71
39 60.55 87.39
40 60.46 87.37
41 60.29 87.02
42 60.21 87.03
43 60.04 86.68
44 59.95 86.67
45 59.79 86.35
46 59.70 86.33
47 59.54 85.99
48 59.45 86.00
49 59.30 85.66
50 59.21 85.65
51 59.05 85.33
52 58.97 85.32
53 58.81 84.98
54 58.73 84.99
55 58.57 84.66
56 58.48 84.65
57 58.33 84.34
58 58.25 84.33
59 58.09 84.00
60 58.01 84.02
61 57.86 83.68
62 57.78 83.67
63 57.63 83.37
64 57.55 83.36
65 57.39 83.04
66 57.32 83.05
67 57.17 82.73
68 57.08 82.73
69 56.94 82.42
70 56.86 82.42
71 56.71 82.10
72 56.64 82.12
73 56.49 81.79
74 56.41 81.79
75 56.27 81.50
76 56.19 81.50
77 56.05 81.18
78 55.98 81.20
79 55.83 80.88
80 55.75 80.89
81 55.62 80.59
82 55.54 80.59
83 55.40 80.28
84 55.33 80.31
85 55.19 79.99
86 55.11 79.99
87 54.98 79.71
88 54.90 79.71
89 54.76 79.40
90 54.70 79.43
91 54.56 79.12
92 54.48 79.13
93 54.35 78.84
94 54.28 78.84
95 54.14 78.54
96 54.08 78.57
97 53.94 78.26
98 53.87 78.27
99 53.74 77.99
100 53.67 78.00
