5 0.000000 90.294000 0.568619 67.520000 0.415483
5 0.100000 90.916000 0.207101 67.316000 0.490442
5 0.200000 90.614000 0.279592 67.400000 0.223061
5 0.300000 90.290000 0.696570 67.266000 0.402544
5 0.400000 90.300000 0.273727 67.294000 0.382621
5 0.500000 90.378000 0.191912 67.086000 0.533368
5 0.600000 90.362000 0.366992 66.898000 0.452464
5 0.700000 90.196000 0.281891 66.636000 0.751794
5 0.800000 90.288000 0.433666 66.802000 0.291211
5 0.900000 90.104000 0.191286 67.308000 0.343460
5 1.000000 89.804000 0.396777 66.938000 0.336088
